0 0.279049 0.183125 0.384683 0.228750
1 0.138644 0.276875 0.100352 0.033750
1 0.261444 0.276875 0.087148 0.033750
1 0.386884 0.276875 0.096831 0.033750
0 0.278169 0.455625 0.384683 0.177500
1 0.134683 0.528125 0.094190 0.028750
1 0.257923 0.528125 0.081866 0.028750
1 0.382042 0.528125 0.083627 0.028750
0 0.280810 0.677813 0.388204 0.119375
1 0.132042 0.722500 0.087148 0.027500
1 0.255722 0.722500 0.084507 0.027500
1 0.380282 0.722500 0.081866 0.027500
0 0.277729 0.872500 0.387324 0.127500
1 0.132923 0.922188 0.090669 0.024375
1 0.260123 0.922188 0.089789 0.024375
1 0.387764 0.922188 0.100352 0.024375
0 0.734155 0.368125 0.395246 0.095000
1 0.591989 0.393125 0.102113 0.031250
1 0.712148 0.393125 0.090669 0.031250
1 0.837148 0.393125 0.087148 0.031250
0 0.735915 0.496250 0.391725 0.092500
1 0.592430 0.522813 0.101232 0.025625
1 0.710827 0.522813 0.082746 0.025625
1 0.843310 0.522813 0.102993 0.025625
0 0.738556 0.673750 0.404049 0.173750
1 0.716109 0.688750 0.357394 0.020000
1 0.716109 0.713750 0.357394 0.020000
1 0.716109 0.738750 0.357394 0.023750
0 0.740317 0.870625 0.407570 0.137500
1 0.586268 0.919687 0.095951 0.025625
1 0.712148 0.919687 0.092430 0.025625
1 0.837148 0.919687 0.090669 0.025625
