0 0.312500 0.205937 0.389965 0.211875
1 0.165053 0.281250 0.086268 0.055000
1 0.283451 0.281250 0.071303 0.055000
1 0.412412 0.281250 0.079225 0.055000
0 0.310739 0.411562 0.381162 0.175625
1 0.307658 0.413438 0.371479 0.028125
1 0.307658 0.449375 0.371479 0.040000
1 0.307658 0.482812 0.371479 0.023125
0 0.312060 0.641563 0.389085 0.219375
1 0.309419 0.619687 0.380282 0.039375
1 0.309419 0.664375 0.380282 0.041250
1 0.309419 0.711562 0.380282 0.045625
0 0.312060 0.862500 0.392606 0.167500
1 0.210827 0.869375 0.190141 0.018750
1 0.210827 0.893125 0.190141 0.020000
1 0.210827 0.920625 0.190141 0.025000
0 0.754401 0.188750 0.446303 0.175000
1 0.609595 0.239687 0.088028 0.046875
1 0.735915 0.239687 0.073063 0.046875
1 0.866637 0.239687 0.088028 0.046875
0 0.766285 0.423438 0.387324 0.161875
1 0.637764 0.453125 0.121479 0.086250
1 0.760123 0.453125 0.107394 0.086250
1 0.886884 0.453125 0.125000 0.086250
0 0.761884 0.610313 0.382042 0.121875
1 0.611796 0.645625 0.078345 0.027500
1 0.730194 0.645625 0.072183 0.027500
1 0.858715 0.645625 0.068662 0.027500
0 0.769366 0.825937 0.398768 0.216875
1 0.614877 0.906250 0.082746 0.052500
1 0.738996 0.906250 0.075704 0.052500
1 0.865757 0.906250 0.080986 0.052500
