0 0.309419 0.189688 0.387324 0.183125
1 0.157130 0.268125 0.079225 0.026250
1 0.279930 0.268125 0.069542 0.026250
1 0.408451 0.268125 0.069542 0.026250
0 0.306778 0.398438 0.380282 0.195625
1 0.154930 0.480000 0.073063 0.030000
1 0.280370 0.480000 0.072183 0.030000
1 0.406690 0.480000 0.074824 0.030000
0 0.311180 0.635000 0.382042 0.235000
1 0.162852 0.730000 0.081866 0.031250
1 0.285651 0.730000 0.089789 0.031250
1 0.414613 0.730000 0.083627 0.031250
0 0.307658 0.855625 0.383803 0.157500
1 0.161092 0.917500 0.087148 0.032500
1 0.285211 0.917500 0.081866 0.032500
1 0.413292 0.917500 0.089789 0.032500
0 0.764085 0.197813 0.389965 0.200625
1 0.604313 0.278438 0.065141 0.029375
1 0.729313 0.278438 0.068662 0.029375
1 0.861356 0.278438 0.080986 0.029375
0 0.764525 0.455937 0.389085 0.285625
1 0.620599 0.567500 0.097711 0.051250
1 0.751761 0.567500 0.099472 0.051250
1 0.882042 0.567500 0.110035 0.051250
0 0.764525 0.690000 0.389085 0.170000
1 0.613116 0.760000 0.079225 0.025000
1 0.737236 0.760000 0.077465 0.025000
1 0.862676 0.760000 0.078345 0.025000
0 0.771567 0.860313 0.403169 0.136875
1 0.623680 0.913438 0.103873 0.025625
1 0.746039 0.913438 0.089789 0.025625
1 0.871479 0.913438 0.097711 0.025625
