0 0.280810 0.205937 0.388204 0.199375
1 0.277289 0.184688 0.375880 0.023125
1 0.277289 0.222812 0.375880 0.045625
1 0.277289 0.275938 0.375880 0.049375
0 0.278169 0.508125 0.398768 0.217500
1 0.242518 0.547500 0.325704 0.020000
1 0.242518 0.575937 0.325704 0.023125
1 0.242518 0.603125 0.325704 0.023750
0 0.278169 0.805937 0.391725 0.248125
1 0.150528 0.862500 0.131162 0.018750
1 0.150528 0.889062 0.131162 0.021875
1 0.150528 0.915937 0.131162 0.021875
0 0.732835 0.241563 0.387324 0.274375
1 0.616637 0.295312 0.153169 0.024375
1 0.616637 0.323125 0.153169 0.025000
1 0.616637 0.350938 0.153169 0.025625
0 0.735035 0.562187 0.388204 0.121875
1 0.577465 0.587187 0.069542 0.034375
1 0.695423 0.587187 0.064261 0.034375
1 0.825704 0.587187 0.076585 0.034375
0 0.738556 0.831562 0.395246 0.206875
1 0.735475 0.835313 0.389085 0.024375
1 0.735475 0.874062 0.389085 0.048125
1 0.735475 0.914062 0.389085 0.028125
