0 0.278609 0.155000 0.385563 0.170000
1 0.213908 0.171250 0.250880 0.021250
1 0.213908 0.194688 0.250880 0.023125
1 0.213908 0.222812 0.250880 0.024375
0 0.279049 0.374688 0.382923 0.171875
1 0.146567 0.431563 0.112676 0.045625
1 0.273327 0.431563 0.109155 0.045625
1 0.400088 0.431563 0.116197 0.045625
0 0.278169 0.605625 0.381162 0.133750
1 0.132923 0.650000 0.087148 0.028750
1 0.253081 0.650000 0.079225 0.028750
1 0.380722 0.650000 0.082746 0.028750
0 0.281250 0.826875 0.392606 0.202500
1 0.139965 0.912813 0.104754 0.028125
1 0.261004 0.912813 0.089789 0.028125
1 0.394366 0.912813 0.111796 0.028125
0 0.735475 0.551875 0.390845 0.093750
1 0.581866 0.578750 0.076585 0.028750
1 0.704225 0.578750 0.078345 0.028750
1 0.837588 0.578750 0.084507 0.028750
0 0.732835 0.679688 0.389085 0.139375
1 0.666813 0.681562 0.250000 0.019375
1 0.666813 0.706250 0.250000 0.021250
1 0.666813 0.731250 0.250000 0.021250
0 0.731514 0.811562 0.388204 0.100625
1 0.591989 0.835938 0.096831 0.028125
1 0.711268 0.835938 0.090669 0.028125
1 0.838468 0.835938 0.089789 0.028125
0 0.723151 0.900312 0.373239 0.064375
1 0.580986 0.916875 0.083627 0.026250
1 0.706426 0.916875 0.079225 0.026250
1 0.836268 0.916875 0.085387 0.026250
