0 0.296655 0.315625 0.382923 0.197500
1 0.142606 0.386250 0.067782 0.055000
1 0.266725 0.386250 0.069542 0.055000
1 0.395246 0.386250 0.081866 0.055000
0 0.295335 0.603750 0.389085 0.236250
1 0.294454 0.599063 0.385563 0.041875
1 0.294454 0.650937 0.385563 0.044375
1 0.294454 0.696250 0.385563 0.036250
0 0.294014 0.843437 0.384683 0.164375
1 0.144366 0.907500 0.078345 0.023750
1 0.268046 0.907500 0.070423 0.023750
1 0.393926 0.907500 0.079225 0.023750
0 0.746039 0.210000 0.380282 0.138750
1 0.598592 0.260937 0.081866 0.028125
1 0.722271 0.260937 0.077465 0.028125
1 0.850352 0.260937 0.083627 0.028125
0 0.752641 0.549063 0.395246 0.239375
1 0.625000 0.593437 0.138204 0.021875
1 0.625000 0.620625 0.138204 0.022500
1 0.625000 0.647813 0.138204 0.020625
0 0.758803 0.845000 0.400528 0.170000
1 0.610915 0.889375 0.099472 0.080000
1 0.740317 0.889375 0.104754 0.080000
1 0.876320 0.889375 0.128521 0.080000
