0 0.286092 0.134687 0.382923 0.129375
1 0.143926 0.175625 0.095070 0.036250
1 0.263644 0.175625 0.080986 0.036250
1 0.392165 0.175625 0.089789 0.036250
0 0.283011 0.378437 0.385563 0.301875
1 0.141285 0.489063 0.096831 0.060625
1 0.267165 0.489063 0.088028 0.060625
1 0.393486 0.489063 0.094190 0.060625
0 0.283891 0.673125 0.387324 0.192500
1 0.265845 0.657813 0.349472 0.033125
1 0.265845 0.696562 0.349472 0.030625
1 0.265845 0.736875 0.349472 0.036250
0 0.286092 0.873750 0.391725 0.120000
1 0.140845 0.915937 0.097711 0.028125
1 0.263644 0.915937 0.091549 0.028125
1 0.391285 0.915937 0.093310 0.028125
0 0.741197 0.151875 0.409331 0.162500
1 0.573504 0.217812 0.066901 0.028125
1 0.698944 0.217812 0.071303 0.028125
1 0.824824 0.217812 0.074824 0.028125
0 0.742958 0.424375 0.414613 0.308750
1 0.732394 0.486563 0.389965 0.021875
1 0.732394 0.511563 0.389965 0.021875
1 0.732394 0.550937 0.389965 0.049375
0 0.735035 0.681562 0.400528 0.164375
1 0.578785 0.745938 0.082746 0.029375
1 0.701144 0.745938 0.073944 0.029375
1 0.825704 0.745938 0.073063 0.029375
0 0.731074 0.861875 0.396127 0.148750
1 0.573063 0.919687 0.076585 0.026875
1 0.702905 0.919687 0.080986 0.026875
1 0.827025 0.919687 0.075704 0.026875
