0 0.286092 0.195625 0.393486 0.188750
1 0.130282 0.261250 0.083627 0.028750
1 0.261004 0.261250 0.091549 0.028750
1 0.378521 0.261250 0.069542 0.028750
0 0.282570 0.402813 0.386444 0.183125
1 0.143486 0.477500 0.101232 0.033750
1 0.267606 0.477500 0.094190 0.033750
1 0.383363 0.477500 0.079225 0.033750
0 0.285651 0.606875 0.394366 0.151250
1 0.184419 0.606875 0.186620 0.021250
1 0.184419 0.632500 0.186620 0.021250
1 0.184419 0.659375 0.186620 0.022500
0 0.285651 0.821875 0.392606 0.216250
1 0.285211 0.805625 0.386444 0.043750
1 0.285211 0.854375 0.386444 0.047500
1 0.285211 0.905312 0.386444 0.048125
0 0.742958 0.221562 0.391725 0.241875
1 0.738556 0.251250 0.379401 0.020000
1 0.738556 0.276562 0.379401 0.020625
1 0.738556 0.313437 0.379401 0.046875
0 0.744278 0.610000 0.397887 0.101250
1 0.587148 0.636875 0.078345 0.036250
1 0.708627 0.636875 0.074824 0.036250
1 0.834507 0.636875 0.076585 0.036250
0 0.738556 0.726875 0.391725 0.102500
1 0.588468 0.752812 0.084507 0.031875
1 0.704225 0.752812 0.066021 0.031875
1 0.836708 0.752812 0.079225 0.031875
0 0.739437 0.863437 0.395246 0.143125
1 0.583187 0.917813 0.077465 0.031875
1 0.705546 0.917813 0.075704 0.031875
1 0.841109 0.917813 0.095070 0.031875
