0 0.274208 0.145313 0.387324 0.156875
1 0.139965 0.175937 0.117077 0.081875
1 0.270687 0.175937 0.103873 0.081875
1 0.398327 0.175937 0.112676 0.081875
0 0.278169 0.351562 0.386444 0.171875
1 0.131162 0.406562 0.085387 0.033125
1 0.250880 0.406562 0.078345 0.033125
1 0.383803 0.406562 0.092430 0.033125
0 0.279049 0.604375 0.389965 0.242500
1 0.186180 0.642188 0.202465 0.023125
1 0.186180 0.673438 0.202465 0.024375
1 0.186180 0.702187 0.202465 0.021875
0 0.282130 0.850625 0.394366 0.171250
1 0.136884 0.921250 0.098592 0.025000
1 0.262324 0.921250 0.090669 0.025000
1 0.390845 0.921250 0.095951 0.025000
0 0.739437 0.153438 0.402289 0.161875
1 0.595511 0.179063 0.114437 0.088125
1 0.727113 0.179063 0.113556 0.088125
1 0.855194 0.179063 0.117958 0.088125
0 0.739877 0.347813 0.404930 0.153125
1 0.584507 0.405938 0.088908 0.033125
1 0.701144 0.405938 0.072183 0.033125
1 0.834067 0.405938 0.089789 0.033125
0 0.746479 0.590625 0.412852 0.213750
1 0.586708 0.670937 0.088028 0.036875
1 0.712148 0.670937 0.097711 0.036875
1 0.835387 0.670937 0.087148 0.036875
0 0.741637 0.856875 0.404930 0.170000
1 0.675176 0.849063 0.270246 0.023125
1 0.675176 0.882188 0.270246 0.024375
1 0.675176 0.918750 0.270246 0.026250
