0 0.292694 0.197500 0.383803 0.258750
1 0.141285 0.305625 0.070423 0.035000
1 0.268926 0.305625 0.080986 0.035000
1 0.391285 0.305625 0.079225 0.035000
0 0.292694 0.542188 0.382042 0.181875
1 0.248239 0.536563 0.293134 0.023125
1 0.248239 0.576250 0.293134 0.028750
1 0.248239 0.616875 0.293134 0.030000
0 0.296655 0.818750 0.389965 0.222500
1 0.153609 0.894687 0.103873 0.065625
1 0.284771 0.894687 0.100352 0.065625
1 0.419894 0.894687 0.120599 0.065625
0 0.756162 0.182188 0.409331 0.244375
1 0.615757 0.258750 0.117958 0.073750
1 0.743838 0.258750 0.110035 0.073750
1 0.875880 0.258750 0.132923 0.073750
0 0.750000 0.418125 0.391725 0.157500
1 0.614437 0.440937 0.115317 0.085625
1 0.735915 0.440937 0.099472 0.085625
1 0.856074 0.440937 0.098592 0.085625
0 0.752641 0.724688 0.400528 0.415625
1 0.590669 0.915312 0.067782 0.029375
1 0.714349 0.915312 0.072183 0.029375
1 0.838908 0.915312 0.064261 0.029375
