0 0.287852 0.860938 0.383803 0.126875
1 0.130722 0.905312 0.063380 0.028125
1 0.262324 0.905312 0.069542 0.028125
1 0.382482 0.905312 0.063380 0.028125
0 0.294894 0.288750 0.382923 0.146250
1 0.142606 0.320937 0.080106 0.071875
1 0.281690 0.320937 0.102993 0.071875
1 0.400088 0.320937 0.089789 0.071875
0 0.291813 0.567500 0.383803 0.158750
1 0.153609 0.600938 0.098592 0.080625
1 0.280370 0.600938 0.102113 0.080625
1 0.407130 0.600938 0.103873 0.080625
0 0.750000 0.225312 0.388204 0.168125
1 0.618838 0.266250 0.124120 0.078750
1 0.740317 0.266250 0.101232 0.078750
1 0.866197 0.266250 0.111796 0.078750
0 0.744718 0.399687 0.382923 0.140625
1 0.605194 0.422500 0.091549 0.062500
1 0.734595 0.422500 0.105634 0.062500
1 0.864877 0.422500 0.116197 0.062500
0 0.755722 0.718125 0.399648 0.423750
1 0.750880 0.702812 0.384683 0.080625
1 0.750880 0.795625 0.384683 0.086250
1 0.750880 0.888125 0.384683 0.081250
