0 0.312500 0.176250 0.382923 0.141250
1 0.174296 0.230000 0.101232 0.030000
1 0.293574 0.230000 0.089789 0.030000
1 0.422095 0.230000 0.098592 0.030000
0 0.314701 0.367188 0.389085 0.175625
1 0.181338 0.384688 0.118838 0.019375
1 0.181338 0.409375 0.118838 0.021250
1 0.181338 0.434063 0.118838 0.019375
0 0.315581 0.567500 0.389085 0.165000
1 0.165933 0.625313 0.086268 0.031875
1 0.288732 0.625313 0.083627 0.031875
1 0.419454 0.625313 0.098592 0.031875
0 0.315581 0.809688 0.385563 0.264375
1 0.170335 0.922813 0.093310 0.026875
1 0.299296 0.922813 0.097711 0.026875
1 0.427817 0.922813 0.108275 0.026875
0 0.768926 0.175625 0.389085 0.131250
1 0.628521 0.219062 0.102993 0.029375
1 0.750880 0.219062 0.094190 0.029375
1 0.871039 0.219062 0.088028 0.029375
0 0.771567 0.390625 0.394366 0.182500
1 0.623680 0.463438 0.095070 0.029375
1 0.753521 0.463438 0.101232 0.029375
1 0.878081 0.463438 0.095070 0.029375
0 0.773768 0.640312 0.391725 0.175625
1 0.639965 0.659687 0.118838 0.090625
1 0.779049 0.659687 0.110035 0.090625
1 0.904489 0.659687 0.109155 0.090625
0 0.774208 0.849375 0.401408 0.177500
1 0.617518 0.920625 0.084507 0.026250
1 0.747359 0.920625 0.087148 0.026250
1 0.877641 0.920625 0.095951 0.026250
