0 0.279930 0.158125 0.388204 0.181250
1 0.138204 0.226562 0.101232 0.030625
1 0.256602 0.226562 0.084507 0.030625
1 0.386884 0.226562 0.096831 0.030625
0 0.277729 0.395937 0.382042 0.201875
1 0.141725 0.474062 0.106514 0.034375
1 0.272887 0.474062 0.113556 0.034375
1 0.403169 0.474062 0.102993 0.034375
0 0.282130 0.623750 0.390845 0.193750
1 0.129401 0.706875 0.083627 0.030000
1 0.246039 0.706875 0.068662 0.030000
1 0.375000 0.706875 0.073063 0.030000
0 0.280810 0.846875 0.386444 0.158750
1 0.135123 0.908750 0.086268 0.035000
1 0.253961 0.908750 0.084507 0.035000
1 0.371919 0.908750 0.072183 0.035000
0 0.738996 0.175937 0.397887 0.225625
1 0.585387 0.272188 0.085387 0.024375
1 0.709067 0.272188 0.082746 0.024375
1 0.825264 0.272188 0.066901 0.024375
0 0.734155 0.438125 0.382923 0.220000
1 0.592870 0.534062 0.095070 0.024375
1 0.722271 0.534062 0.100352 0.024375
1 0.839349 0.534062 0.088028 0.024375
0 0.736796 0.690937 0.395246 0.214375
1 0.701144 0.735938 0.318662 0.023125
1 0.701144 0.761875 0.318662 0.022500
1 0.701144 0.786563 0.318662 0.023125
0 0.739437 0.884375 0.402289 0.130000
1 0.574824 0.923750 0.067782 0.028750
1 0.701144 0.923750 0.068662 0.028750
1 0.830986 0.923750 0.080106 0.028750
