0 0.284771 0.796875 0.386444 0.260000
1 0.184199 0.531563 0.168134 0.026875
1 0.184199 0.562813 0.168134 0.023125
1 0.184199 0.594375 0.168134 0.025000
0 0.282570 0.538125 0.371479 0.172500
1 0.144146 0.915312 0.093310 0.023125
1 0.265185 0.915312 0.073063 0.023125
1 0.389305 0.915312 0.074824 0.023125
0 0.295114 0.310937 0.388204 0.178125
1 0.151629 0.381875 0.099472 0.028750
1 0.274428 0.381875 0.088028 0.028750
1 0.400748 0.381875 0.097711 0.028750
0 0.751100 0.206875 0.389965 0.136250
1 0.603653 0.253437 0.082746 0.033125
1 0.728653 0.253437 0.100352 0.033125
1 0.857174 0.253437 0.102113 0.033125
0 0.749340 0.473125 0.386444 0.206250
1 0.603653 0.550000 0.091549 0.027500
1 0.728213 0.550000 0.092430 0.027500
1 0.848812 0.550000 0.090669 0.027500
0 0.748900 0.797500 0.392606 0.270000
1 0.596611 0.913750 0.079225 0.028750
1 0.716329 0.913750 0.077465 0.028750
1 0.848812 0.913750 0.078345 0.028750
