0 0.296215 0.182188 0.379401 0.235625
1 0.295335 0.165937 0.374120 0.045625
1 0.295335 0.211562 0.374120 0.043125
1 0.295335 0.269062 0.374120 0.060625
0 0.298415 0.490625 0.390845 0.245000
1 0.163292 0.566562 0.115317 0.084375
1 0.289173 0.566562 0.111796 0.084375
1 0.415493 0.566562 0.117958 0.084375
0 0.292694 0.822812 0.388204 0.215625
1 0.223151 0.857500 0.249120 0.025000
1 0.223151 0.884062 0.249120 0.021875
1 0.223151 0.910312 0.249120 0.023125
0 0.755722 0.160625 0.396127 0.190000
1 0.599472 0.229375 0.081866 0.032500
1 0.719630 0.229375 0.079225 0.032500
1 0.846391 0.229375 0.084507 0.032500
0 0.747799 0.457500 0.387324 0.135000
1 0.600352 0.504375 0.085387 0.026250
1 0.722271 0.504375 0.082746 0.026250
1 0.847711 0.504375 0.083627 0.026250
0 0.761004 0.782500 0.404930 0.302500
1 0.610915 0.879062 0.099472 0.096875
1 0.742958 0.879062 0.115317 0.096875
1 0.875880 0.879062 0.129401 0.096875
