0 0.308099 0.187500 0.386444 0.161250
1 0.177377 0.241875 0.117958 0.041250
1 0.305898 0.241875 0.112676 0.041250
1 0.432218 0.241875 0.115317 0.041250
0 0.308979 0.429688 0.388204 0.209375
1 0.233715 0.459688 0.237676 0.019375
1 0.233715 0.490000 0.237676 0.023750
1 0.233715 0.518437 0.237676 0.023125
0 0.313380 0.655312 0.395246 0.131875
1 0.171655 0.704063 0.104754 0.025625
1 0.301937 0.704063 0.106514 0.025625
1 0.443662 0.704063 0.078345 0.025625
0 0.311620 0.853750 0.386444 0.153750
1 0.276408 0.855313 0.312500 0.021875
1 0.276408 0.885000 0.312500 0.023750
1 0.276408 0.913438 0.312500 0.024375
0 0.767165 0.197187 0.389085 0.175625
1 0.615317 0.269062 0.078345 0.025625
1 0.735915 0.269062 0.081866 0.025625
1 0.863996 0.269062 0.088028 0.025625
0 0.764965 0.441875 0.382923 0.203750
1 0.629401 0.531875 0.104754 0.025000
1 0.756602 0.531875 0.107394 0.025000
1 0.879842 0.531875 0.103873 0.025000
0 0.758803 0.671250 0.382923 0.137500
1 0.614877 0.726875 0.088028 0.030000
1 0.738556 0.726875 0.078345 0.030000
1 0.861796 0.726875 0.088908 0.030000
0 0.761444 0.853125 0.386444 0.151250
1 0.685739 0.855938 0.233275 0.020625
1 0.685739 0.885312 0.233275 0.021875
1 0.685739 0.915625 0.233275 0.021250
