0 0.276849 0.470625 0.385563 0.091250
1 0.132482 0.501250 0.091549 0.025000
1 0.258803 0.501250 0.081866 0.025000
1 0.384683 0.501250 0.087148 0.025000
0 0.276408 0.589688 0.388204 0.093125
1 0.132923 0.619687 0.097711 0.028125
1 0.259243 0.619687 0.088028 0.028125
1 0.387324 0.619687 0.092430 0.028125
0 0.277729 0.706562 0.387324 0.099375
1 0.137324 0.736563 0.102993 0.028125
1 0.259683 0.736563 0.090669 0.028125
1 0.385563 0.736563 0.095951 0.028125
0 0.279930 0.860313 0.384683 0.136875
1 0.132482 0.916250 0.084507 0.023750
1 0.260563 0.916250 0.088908 0.023750
1 0.386884 0.916250 0.091549 0.023750
0 0.736356 0.224062 0.396127 0.250625
1 0.587588 0.332500 0.093310 0.037500
1 0.712588 0.332500 0.089789 0.037500
1 0.838028 0.332500 0.085387 0.037500
0 0.742958 0.440937 0.405810 0.139375
1 0.591989 0.495312 0.098592 0.025625
1 0.716549 0.495312 0.088908 0.025625
1 0.844190 0.495312 0.090669 0.025625
0 0.736796 0.659062 0.391725 0.246875
1 0.591549 0.764062 0.094190 0.025625
1 0.716989 0.764062 0.093310 0.025625
1 0.840669 0.764062 0.085387 0.025625
0 0.732394 0.868437 0.386444 0.145625
1 0.578785 0.919687 0.072183 0.028125
1 0.708627 0.919687 0.085387 0.028125
1 0.834507 0.919687 0.085387 0.028125
