0 0.286532 0.172813 0.389085 0.205625
1 0.136004 0.253437 0.079225 0.030625
1 0.257482 0.253437 0.072183 0.030625
1 0.383803 0.253437 0.087148 0.030625
0 0.285211 0.405938 0.384683 0.170625
1 0.134683 0.475000 0.080106 0.032500
1 0.255722 0.475000 0.072183 0.032500
1 0.379401 0.475000 0.073063 0.032500
0 0.286532 0.622812 0.385563 0.186875
1 0.257923 0.610938 0.326585 0.036875
1 0.257923 0.652813 0.326585 0.033125
1 0.257923 0.693438 0.326585 0.031875
0 0.286972 0.845313 0.386444 0.180625
1 0.135563 0.920625 0.076585 0.026250
1 0.258363 0.920625 0.079225 0.026250
1 0.387324 0.920625 0.081866 0.026250
0 0.739877 0.175000 0.399648 0.210000
1 0.709067 0.204063 0.336268 0.019375
1 0.709067 0.228750 0.336268 0.021250
1 0.709067 0.254688 0.336268 0.023125
0 0.737676 0.400938 0.400528 0.194375
1 0.710387 0.425312 0.340669 0.024375
1 0.710387 0.450937 0.340669 0.021875
1 0.710387 0.474687 0.340669 0.024375
0 0.740757 0.632188 0.401408 0.221875
1 0.583187 0.721250 0.080986 0.027500
1 0.711708 0.721250 0.091549 0.027500
1 0.832306 0.721250 0.082746 0.027500
0 0.736356 0.855938 0.396127 0.178125
1 0.586268 0.921562 0.094190 0.026875
1 0.709507 0.921562 0.076585 0.026875
1 0.836708 0.921562 0.082746 0.026875
