0 0.308539 0.445625 0.383803 0.091250
1 0.161532 0.474375 0.086268 0.028750
1 0.284771 0.474375 0.080986 0.028750
1 0.411532 0.474375 0.082746 0.028750
0 0.308099 0.555312 0.384683 0.095625
1 0.154930 0.582187 0.074824 0.026875
1 0.283011 0.582187 0.077465 0.026875
1 0.412412 0.582187 0.086268 0.026875
0 0.305018 0.666250 0.376761 0.090000
1 0.157570 0.693750 0.076585 0.025000
1 0.279049 0.693750 0.069542 0.025000
1 0.411092 0.693750 0.083627 0.025000
0 0.308099 0.775937 0.382923 0.089375
1 0.168574 0.803125 0.100352 0.028750
1 0.287852 0.803125 0.085387 0.028750
1 0.411972 0.803125 0.085387 0.028750
0 0.307218 0.888750 0.382923 0.098750
1 0.161532 0.911875 0.086268 0.032500
1 0.284771 0.911875 0.086268 0.032500
1 0.412852 0.911875 0.078345 0.032500
0 0.767606 0.522813 0.391725 0.503125
1 0.765845 0.417187 0.388204 0.136875
1 0.765845 0.558438 0.388204 0.136875
1 0.765845 0.701875 0.388204 0.141250
0 0.768486 0.862187 0.400528 0.139375
1 0.706866 0.868750 0.277289 0.023750
1 0.706866 0.892500 0.277289 0.020000
1 0.706866 0.919063 0.277289 0.025625
