0 0.308099 0.171563 0.386444 0.126875
1 0.162412 0.217812 0.093310 0.028125
1 0.286092 0.217812 0.090669 0.028125
1 0.415933 0.217812 0.089789 0.028125
0 0.309859 0.388125 0.391725 0.198750
1 0.153609 0.467187 0.075704 0.030625
1 0.281250 0.467187 0.077465 0.030625
1 0.405370 0.467187 0.073944 0.030625
0 0.309859 0.619062 0.393486 0.146875
1 0.164613 0.674687 0.097711 0.030625
1 0.292694 0.674687 0.086268 0.030625
1 0.417694 0.674687 0.095070 0.030625
0 0.309419 0.846562 0.396127 0.189375
1 0.166813 0.923438 0.107394 0.028125
1 0.300176 0.923438 0.104754 0.028125
1 0.419894 0.923438 0.090669 0.028125
0 0.768046 0.228437 0.399648 0.239375
1 0.764085 0.282500 0.389965 0.017500
1 0.764085 0.308437 0.389965 0.019375
1 0.764085 0.334375 0.389965 0.023750
0 0.763644 0.432812 0.392606 0.135625
1 0.618838 0.483438 0.095951 0.024375
1 0.745599 0.483438 0.094190 0.024375
1 0.871479 0.483438 0.090669 0.024375
0 0.771567 0.594063 0.404930 0.153125
1 0.616197 0.656250 0.090669 0.026250
1 0.739877 0.656250 0.084507 0.026250
1 0.866197 0.656250 0.085387 0.026250
0 0.768486 0.810937 0.398768 0.249375
1 0.737676 0.871250 0.335387 0.021250
1 0.737676 0.894062 0.335387 0.020625
1 0.737676 0.918125 0.335387 0.021250
