0 0.297095 0.205937 0.385563 0.268125
1 0.140405 0.324688 0.068662 0.024375
1 0.261444 0.324688 0.066021 0.024375
1 0.388204 0.324688 0.067782 0.024375
0 0.292694 0.534375 0.383803 0.272500
1 0.150088 0.649687 0.084507 0.033125
1 0.271127 0.649687 0.081866 0.033125
1 0.398327 0.649687 0.089789 0.033125
0 0.295335 0.819375 0.390845 0.221250
1 0.143926 0.914375 0.086268 0.026250
1 0.266285 0.914375 0.075704 0.026250
1 0.398768 0.914375 0.090669 0.026250
0 0.753081 0.220312 0.396127 0.300625
1 0.603433 0.346875 0.089789 0.032500
1 0.728433 0.346875 0.098592 0.032500
1 0.851232 0.346875 0.092430 0.032500
0 0.751320 0.509375 0.396127 0.187500
1 0.601673 0.578438 0.095070 0.031875
1 0.724032 0.578438 0.093310 0.031875
1 0.850792 0.578438 0.086268 0.031875
0 0.753081 0.809063 0.392606 0.246875
1 0.607394 0.915625 0.095951 0.030000
1 0.723151 0.915625 0.084507 0.030000
1 0.848592 0.915625 0.083627 0.030000
