0 0.279049 0.202500 0.393486 0.267500
1 0.275088 0.220625 0.385563 0.038750
1 0.275088 0.264688 0.385563 0.040625
1 0.275088 0.310312 0.385563 0.041875
0 0.278169 0.440937 0.389965 0.161875
1 0.126761 0.498125 0.078345 0.048750
1 0.253961 0.498125 0.082746 0.048750
1 0.372799 0.498125 0.072183 0.048750
0 0.282130 0.625000 0.396127 0.146250
1 0.148327 0.657188 0.125000 0.076875
1 0.277289 0.657188 0.117077 0.076875
1 0.407130 0.657188 0.128521 0.076875
0 0.278169 0.828438 0.391725 0.218125
1 0.276849 0.829063 0.387324 0.040625
1 0.276849 0.873437 0.387324 0.036875
1 0.276849 0.916562 0.387324 0.038125
0 0.731514 0.120000 0.384683 0.107500
1 0.585387 0.158750 0.087148 0.027500
1 0.705106 0.158750 0.071303 0.027500
1 0.824824 0.158750 0.067782 0.027500
0 0.731954 0.445625 0.383803 0.113750
1 0.585827 0.472500 0.084507 0.055000
1 0.708627 0.472500 0.085387 0.055000
1 0.827025 0.472500 0.073944 0.055000
0 0.731954 0.601875 0.382042 0.140000
1 0.585387 0.629687 0.083627 0.059375
1 0.707306 0.629687 0.082746 0.059375
1 0.829225 0.629687 0.076585 0.059375
0 0.738116 0.815000 0.396127 0.245000
1 0.736796 0.810937 0.391725 0.045625
1 0.736796 0.859375 0.391725 0.042500
1 0.736796 0.910937 0.391725 0.048125
