0 0.282130 0.145625 0.378521 0.148750
1 0.133363 0.201563 0.075704 0.033125
1 0.263644 0.201563 0.089789 0.033125
1 0.384683 0.201563 0.078345 0.033125
0 0.283891 0.340938 0.387324 0.185625
1 0.145246 0.412813 0.106514 0.025625
1 0.266725 0.412813 0.087148 0.025625
1 0.393926 0.412813 0.098592 0.025625
0 0.285211 0.594688 0.386444 0.263125
1 0.138644 0.705000 0.088028 0.027500
1 0.264965 0.705000 0.090669 0.027500
1 0.388644 0.705000 0.093310 0.027500
0 0.285651 0.840000 0.387324 0.177500
1 0.134243 0.913125 0.077465 0.023750
1 0.262324 0.913125 0.080106 0.023750
1 0.387764 0.913125 0.086268 0.023750
0 0.739437 0.161875 0.398768 0.186250
1 0.582746 0.232813 0.080106 0.031875
1 0.708187 0.232813 0.084507 0.031875
1 0.836268 0.232813 0.083627 0.031875
0 0.734155 0.531875 0.382923 0.096250
1 0.586268 0.561562 0.083627 0.033125
1 0.705546 0.561562 0.082746 0.033125
1 0.833627 0.561562 0.087148 0.033125
0 0.731954 0.659062 0.383803 0.101875
1 0.584947 0.690312 0.082746 0.029375
1 0.709507 0.690312 0.083627 0.029375
1 0.835387 0.690312 0.085387 0.029375
0 0.733275 0.844688 0.384683 0.200625
1 0.592870 0.922500 0.100352 0.027500
1 0.713468 0.922500 0.091549 0.027500
1 0.845511 0.922500 0.103873 0.027500
