0 0.308979 0.137813 0.386444 0.136875
1 0.168574 0.165937 0.103873 0.075625
1 0.298856 0.165937 0.102113 0.075625
1 0.423856 0.165937 0.102113 0.075625
0 0.308099 0.308750 0.379401 0.131250
1 0.170775 0.352500 0.101232 0.030000
1 0.297095 0.352500 0.098592 0.030000
1 0.419014 0.352500 0.094190 0.030000
0 0.306778 0.552500 0.382042 0.281250
1 0.304577 0.526563 0.372359 0.058125
1 0.304577 0.595938 0.372359 0.065625
1 0.304577 0.660937 0.372359 0.054375
0 0.308979 0.846250 0.386444 0.173750
1 0.309419 0.848750 0.382042 0.043750
1 0.309419 0.887188 0.382042 0.021875
1 0.309419 0.914062 0.382042 0.024375
0 0.762324 0.178437 0.386444 0.219375
1 0.626761 0.265313 0.108275 0.034375
1 0.751761 0.265313 0.097711 0.034375
1 0.878961 0.265313 0.125000 0.034375
0 0.761884 0.414375 0.390845 0.190000
1 0.712588 0.437500 0.286972 0.023750
1 0.712588 0.461250 0.286972 0.021250
1 0.712588 0.485625 0.286972 0.023750
0 0.761884 0.659375 0.383803 0.213750
1 0.630282 0.749062 0.115317 0.030625
1 0.754401 0.749062 0.102993 0.030625
1 0.885123 0.749062 0.125000 0.030625
0 0.761004 0.864062 0.387324 0.143125
1 0.611796 0.915937 0.085387 0.031875
1 0.727993 0.915937 0.069542 0.031875
1 0.854754 0.915937 0.069542 0.031875
