0 0.315581 0.173125 0.385563 0.140000
1 0.290493 0.176875 0.333627 0.018750
1 0.290493 0.199687 0.333627 0.020625
1 0.290493 0.225625 0.333627 0.023750
0 0.313820 0.356875 0.389085 0.182500
1 0.294014 0.380000 0.349472 0.021250
1 0.294014 0.406875 0.349472 0.021250
1 0.294014 0.434688 0.349472 0.026875
0 0.313380 0.602500 0.388204 0.255000
1 0.182658 0.693750 0.107394 0.063750
1 0.307218 0.693750 0.104754 0.063750
1 0.430458 0.693750 0.102993 0.063750
0 0.312500 0.844063 0.382923 0.203125
1 0.183979 0.924375 0.111796 0.026250
1 0.308099 0.924375 0.110035 0.026250
1 0.435299 0.924375 0.112676 0.026250
0 0.765405 0.187188 0.387324 0.183125
1 0.616637 0.264688 0.084507 0.024375
1 0.738556 0.264688 0.073063 0.024375
1 0.871479 0.264688 0.088908 0.024375
0 0.769806 0.377812 0.387324 0.153125
1 0.621479 0.437188 0.081866 0.029375
1 0.745599 0.437188 0.083627 0.029375
1 0.868398 0.437188 0.077465 0.029375
0 0.769366 0.562813 0.384683 0.169375
1 0.750000 0.550312 0.344190 0.033125
1 0.750000 0.588125 0.344190 0.032500
1 0.750000 0.625625 0.344190 0.032500
0 0.769806 0.810000 0.385563 0.247500
1 0.748680 0.837812 0.339789 0.031875
1 0.748680 0.876563 0.339789 0.030625
1 0.748680 0.915000 0.339789 0.030000
