0 0.311180 0.215938 0.389085 0.213125
1 0.165933 0.303438 0.093310 0.031875
1 0.286092 0.303438 0.087148 0.031875
1 0.419454 0.303438 0.093310 0.031875
0 0.308099 0.451562 0.381162 0.151875
1 0.171215 0.505313 0.100352 0.028125
1 0.290933 0.505313 0.091549 0.028125
1 0.415933 0.505313 0.086268 0.028125
0 0.311180 0.667813 0.394366 0.179375
1 0.167254 0.742500 0.099472 0.027500
1 0.288292 0.742500 0.080986 0.027500
1 0.417694 0.742500 0.093310 0.027500
0 0.308539 0.870938 0.389085 0.148125
1 0.154049 0.921875 0.076585 0.030000
1 0.282130 0.921875 0.073944 0.030000
1 0.408011 0.921875 0.079225 0.030000
0 0.766725 0.179375 0.391725 0.143750
1 0.613996 0.230937 0.084507 0.029375
1 0.739437 0.230937 0.080106 0.029375
1 0.866637 0.230937 0.077465 0.029375
0 0.764525 0.339375 0.389085 0.138750
1 0.625000 0.392500 0.104754 0.030000
1 0.742958 0.392500 0.085387 0.030000
1 0.862676 0.392500 0.095951 0.030000
0 0.767165 0.581562 0.394366 0.298125
1 0.619718 0.715938 0.094190 0.026875
1 0.744718 0.715938 0.087148 0.026875
1 0.867077 0.715938 0.088908 0.026875
0 0.774648 0.845625 0.409331 0.178750
1 0.620599 0.920000 0.095951 0.027500
1 0.746039 0.920000 0.088028 0.027500
1 0.872359 0.920000 0.094190 0.027500
