0 0.287852 0.249375 0.397007 0.297500
1 0.260123 0.305000 0.338028 0.021250
1 0.260123 0.343750 0.338028 0.050000
1 0.260123 0.380937 0.338028 0.021875
0 0.283891 0.477812 0.396127 0.120625
1 0.137324 0.523125 0.097711 0.030000
1 0.254401 0.523125 0.085387 0.030000
1 0.384683 0.523125 0.083627 0.030000
0 0.283451 0.650625 0.386444 0.175000
1 0.139965 0.719063 0.094190 0.029375
1 0.260563 0.719063 0.080106 0.029375
1 0.383363 0.719063 0.075704 0.029375
0 0.286092 0.846250 0.384683 0.168750
1 0.260123 0.835000 0.329225 0.031250
1 0.260123 0.873437 0.329225 0.030625
1 0.260123 0.913750 0.329225 0.032500
0 0.741197 0.230000 0.395246 0.262500
1 0.587588 0.345625 0.086268 0.023750
1 0.711268 0.345625 0.076585 0.023750
1 0.838468 0.345625 0.080986 0.023750
0 0.742958 0.444063 0.398768 0.130625
1 0.593750 0.483125 0.095070 0.028750
1 0.710387 0.483125 0.080106 0.028750
1 0.840229 0.483125 0.088028 0.028750
0 0.740317 0.665937 0.397007 0.280625
1 0.621919 0.743125 0.160211 0.021250
1 0.621919 0.765938 0.160211 0.019375
1 0.621919 0.790312 0.160211 0.016875
0 0.740317 0.879687 0.391725 0.114375
1 0.584067 0.917813 0.072183 0.026875
1 0.709947 0.917813 0.068662 0.026875
1 0.839789 0.917813 0.087148 0.026875
