0 0.316021 0.167813 0.386444 0.116875
1 0.169894 0.210938 0.088908 0.028125
1 0.296655 0.210938 0.090669 0.028125
1 0.421215 0.210938 0.091549 0.028125
0 0.314701 0.390625 0.387324 0.256250
1 0.172095 0.497500 0.098592 0.027500
1 0.294894 0.497500 0.085387 0.027500
1 0.423856 0.497500 0.089789 0.027500
0 0.316901 0.630000 0.393486 0.141250
1 0.171655 0.673125 0.092430 0.028750
1 0.291813 0.673125 0.080986 0.028750
1 0.419894 0.673125 0.092430 0.028750
0 0.316461 0.833750 0.392606 0.196250
1 0.169454 0.912188 0.091549 0.031875
1 0.293134 0.912188 0.081866 0.031875
1 0.416373 0.912188 0.081866 0.031875
0 0.769806 0.174687 0.389085 0.135625
1 0.617077 0.210625 0.085387 0.035000
1 0.741197 0.210625 0.078345 0.035000
1 0.865757 0.210625 0.075704 0.035000
0 0.765405 0.390937 0.378521 0.246875
1 0.722711 0.449375 0.287852 0.020000
1 0.722711 0.475000 0.287852 0.020000
1 0.722711 0.500000 0.287852 0.020000
0 0.770246 0.632500 0.395246 0.151250
1 0.729313 0.634062 0.313380 0.021875
1 0.729313 0.660312 0.313380 0.018125
1 0.729313 0.684375 0.313380 0.021250
0 0.771567 0.836875 0.396127 0.183750
1 0.637764 0.862187 0.126761 0.019375
1 0.637764 0.884687 0.126761 0.016875
1 0.637764 0.909375 0.126761 0.020000
