0 0.312940 0.187812 0.387324 0.159375
1 0.211268 0.181250 0.180458 0.022500
1 0.211268 0.212500 0.180458 0.020000
1 0.211268 0.242812 0.180458 0.021875
0 0.312060 0.417187 0.390845 0.238125
1 0.153169 0.517188 0.066021 0.028125
1 0.279930 0.517188 0.064261 0.028125
1 0.402729 0.517188 0.065141 0.028125
0 0.313820 0.656563 0.387324 0.174375
1 0.169894 0.720000 0.094190 0.032500
1 0.287412 0.720000 0.075704 0.032500
1 0.417694 0.720000 0.086268 0.032500
0 0.310299 0.863125 0.383803 0.151250
1 0.157130 0.914375 0.077465 0.033750
1 0.274208 0.914375 0.058099 0.033750
1 0.408891 0.914375 0.075704 0.033750
0 0.767606 0.224688 0.393486 0.236875
1 0.709507 0.275313 0.266725 0.020625
1 0.709507 0.300625 0.266725 0.021250
1 0.709507 0.328437 0.266725 0.026875
0 0.767606 0.455937 0.389965 0.131875
1 0.610915 0.495312 0.073063 0.033125
1 0.727993 0.495312 0.071303 0.033125
1 0.861796 0.495312 0.073063 0.033125
0 0.770246 0.651250 0.395246 0.175000
1 0.621479 0.717500 0.094190 0.035000
1 0.750000 0.717500 0.097711 0.035000
1 0.870599 0.717500 0.087148 0.035000
0 0.770246 0.851875 0.395246 0.167500
1 0.616197 0.920312 0.076585 0.025625
1 0.736796 0.920312 0.069542 0.025625
1 0.862676 0.920312 0.073063 0.025625
