0 0.307658 0.150312 0.385563 0.094375
1 0.161092 0.177500 0.083627 0.027500
1 0.290493 0.177500 0.088908 0.027500
1 0.418574 0.177500 0.093310 0.027500
0 0.310299 0.315937 0.383803 0.198125
1 0.165053 0.400000 0.089789 0.028750
1 0.289173 0.400000 0.086268 0.028750
1 0.418574 0.400000 0.089789 0.028750
0 0.309859 0.505625 0.382923 0.125000
1 0.168574 0.545937 0.093310 0.034375
1 0.290493 0.545937 0.087148 0.034375
1 0.417694 0.545937 0.095070 0.034375
0 0.309419 0.765312 0.387324 0.361875
1 0.305018 0.729375 0.378521 0.082500
1 0.305018 0.813750 0.378521 0.082500
1 0.305018 0.899375 0.378521 0.086250
0 0.758803 0.240313 0.379401 0.275625
1 0.751320 0.192812 0.360915 0.065625
1 0.751320 0.269062 0.360915 0.076875
1 0.751320 0.342813 0.360915 0.068125
0 0.762764 0.459062 0.387324 0.123125
1 0.617958 0.498125 0.095951 0.027500
1 0.742958 0.498125 0.087148 0.027500
1 0.871479 0.498125 0.092430 0.027500
0 0.764965 0.615938 0.391725 0.153125
1 0.618398 0.675312 0.093310 0.031875
1 0.743398 0.675312 0.084507 0.031875
1 0.870158 0.675312 0.098592 0.031875
0 0.774208 0.823125 0.404930 0.218750
1 0.622799 0.918125 0.096831 0.025000
1 0.746039 0.918125 0.088028 0.025000
1 0.873239 0.918125 0.092430 0.025000
